Date	Bel 20	AEX	CAC40
2/5/2010	2,392.52	315.04	3,563.76
2/8/2010	2,402.15	316.5	3,607.27
2/9/2010	2,413.18	317.06	3,612.76
2/10/2010	2,440.79	316.1	3,635.61
2/11/2010	2,453.79	316.8	3,616.75
2/12/2010	2,461.47	315.74	3,599.07
2/15/2010	2,449.79	315.86	3,609.22
2/16/2010	2,475.48	318.84	3,669.04
2/17/2010	2,512.84	323.13	3,725.21
2/18/2010	2,518.41	324.3	3,747.83
2/19/2010	2,527.73	325.6	3,769.54
2/22/2010	2,521.10	325.12	3,756.70
2/23/2010	2,502.89	320.99	3,707.06
2/24/2010	2,514.94	320.92	3,715.68
2/25/2010	2,480.65	314.85	3,640.77
2/26/2010	2,514.87	317.74	3,708.80
3/1/2010	2,543.41	324.37	3,769.54
3/2/2010	2,558.77	328.24	3,811.92
3/3/2010	2,592.56	331.86	3,842.52
3/4/2010	2,582.96	332.45	3,828.41
3/5/2010	2,611.03	338.68	3,910.42
3/8/2010	2,600.83	338.17	3,903.54
3/9/2010	2,606.31	339.09	3,910.01
3/10/2010	2,634.16	340.97	3,943.55
3/11/2010	2,613.52	339.02	3,928.95
3/12/2010	2,625.28	339.57	3,927.40
3/15/2010	2,608.80	335.11	3,890.91
3/16/2010	2,631.57	339.26	3,938.95
3/17/2010	2,665.62	343.06	3,957.89
3/18/2010	2,654.85	341.95	3,938.18
3/19/2010	2,639.28	338.65	3,925.44
3/22/2010	2,634.45	338.13	3,928.00
3/23/2010	2,649.34	341.51	3,952.55
3/24/2010	2,649.70	341.74	3,949.81
3/25/2010	2,672.10	345.61	4,000.48
3/26/2010	2,656.93	343.81	3,988.93
3/29/2010	2,665.40	343.96	4,000.66
3/30/2010	2,656.12	343.6	3,987.41
3/31/2010	2,648.46	344.22	3,974.01
4/1/2010	2,680.56	351.44	4,034.23
4/6/2010	2,696.66	355.61	4,053.94
4/7/2010	2,696.96	353.89	4,026.97
4/8/2010	2,668.62	350.89	3,978.46
4/9/2010	2,702.87	355.89	4,050.54
4/12/2010	2,714.81	355.34	4,050.50
4/13/2010	2,708.98	354.43	4,031.99
4/14/2010	2,716.70	356.67	4,057.70
4/15/2010	2,715.16	355.57	4,065.65
4/16/2010	2,687.36	349.75	3,986.63
4/19/2010	2,667.96	348.57	3,970.47
4/20/2010	2,681.07	354.86	4,026.65
4/21/2010	2,660.86	353.66	3,977.67
4/22/2010	2,630.94	351.31	3,924.65
4/23/2010	2,644.14	353.38	3,951.30
4/26/2010	2,656.28	357.43	3,997.39
4/27/2010	2,567.68	349.12	3,844.60
4/28/2010	2,506.19	344.55	3,787.00
4/29/2010	2,561.69	348.46	3,840.62
4/30/2010	2,560.99	345.91	3,816.99
5/3/2010	2,572.46	346.94	3,828.46
5/4/2010	2,504.25	335.86	3,689.29
5/5/2010	2,446.22	330.78	3,636.03
5/6/2010	2,400.78	326.19	3,556.11
5/7/2010	2,296.81	312.35	3,392.59
5/10/2010	2,511.98	335.24	3,720.29
5/11/2010	2,483.53	333.48	3,693.20
5/12/2010	2,540.36	336.9	3,733.87
5/13/2010	2,534.85	337.8	3,731.54
5/14/2010	2,447.17	327.24	3,560.36
5/17/2010	2,439.07	326.57	3,543.55
5/18/2010	2,485.24	331	3,617.32
5/19/2010	2,432.85	321.45	3,511.67
5/20/2010	2,386.49	314.86	3,432.52
5/21/2010	2,395.65	313.41	3,430.74
5/24/2010	2,402.45	313.57	3,430.93
5/25/2010	2,329.79	305.03	3,331.29
5/26/2010	2,386.45	312	3,408.59
5/27/2010	2,469.56	321.16	3,525.31
5/28/2010	2,460.54	320.64	3,515.06
5/31/2010	2,453.37	320.7	3,507.56
6/1/2010	2,466.00	321.21	3,503.08
6/2/2010	2,464.25	322.56	3,501.50
6/3/2010	2,484.27	327.03	3,557.34
6/4/2010	2,429.67	321.22	3,455.61
6/7/2010	2,412.05	317.54	3,413.72
6/8/2010	2,390.89	314.83	3,380.36
6/9/2010	2,425.68	320.63	3,446.77
6/10/2010	2,463.32	325.42	3,516.64
6/11/2010	2,463.85	325.56	3,555.52
6/14/2010	2,498.24	331.45	3,626.04
6/15/2010	2,509.31	333.82	3,661.51
6/16/2010	2,513.80	334.76	3,675.93
6/17/2010	2,523.36	335.26	3,683.08
6/18/2010	2,528.93	336.06	3,687.21
6/21/2010	2,549.84	341.04	3,736.15
6/22/2010	2,536.22	339.8	3,705.32
6/23/2010	2,494.34	335.11	3,641.79
6/24/2010	2,455.80	329.22	3,555.36
6/25/2010	2,441.65	325.99	3,519.73
6/28/2010	2,461.96	330.46	3,576.45
6/29/2010	2,382.48	319.03	3,432.99
6/30/2010	2,386.53	316.81	3,442.89
7/1/2010	2,336.12	307.87	3,339.90
7/2/2010	2,337.29	308.2	3,348.37
7/5/2010	2,329.60	306.27	3,332.46
7/6/2010	2,389.28	314.43	3,423.36
7/7/2010	2,415.81	317.56	3,483.44
7/8/2010	2,455.99	322.62	3,538.25
7/9/2010	2,462.75	324.42	3,554.48
7/12/2010	2,470.27	326.56	3,567.66
7/13/2010	2,516.26	333.76	3,637.76
7/14/2010	2,522.12	335.03	3,632.98
7/15/2010	2,495.05	329.76	3,581.82
7/16/2010	2,442.75	323.99	3,500.16
7/19/2010	2,431.56	322	3,486.33
7/20/2010	2,417.34	320.46	3,468.02
7/21/2010	2,451.93	326.36	3,493.92
7/22/2010	2,501.41	335.2	3,600.57
7/23/2010	2,506.07	337.14	3,607.05
7/26/2010	2,531.75	337.82	3,636.18
7/27/2010	2,557.43	338.08	3,666.40
7/28/2010	2,545.08	335.03	3,670.36
7/29/2010	2,537.90	332.13	3,651.91
7/30/2010	2,517.30	330.64	3,643.14
8/2/2010	2,579.35	339.66	3,752.03
8/3/2010	2,588.92	339	3,747.51
8/4/2010	2,587.82	339.2	3,760.72
8/5/2010	2,586.09	336.57	3,764.19
8/6/2010	2,549.82	331.19	3,716.05
8/9/2010	2,571.02	335.89	3,777.37
8/10/2010	2,561.71	333.14	3,730.58
8/11/2010	2,495.93	324.99	3,628.29
8/12/2010	2,505.90	324.12	3,621.07
8/13/2010	2,485.70	323.92	3,610.91
8/16/2010	2,469.46	323.14	3,597.60
8/17/2010	2,518.34	328.45	3,663.13
8/18/2010	2,512.61	327.67	3,647.93
8/19/2010	2,474.08	322.37	3,572.40
8/20/2010	2,452.32	318.02	3,526.12
8/23/2010	2,469.08	318.54	3,553.23
8/24/2010	2,435.96	313.39	3,491.11
8/25/2010	2,424.00	311.72	3,450.19
8/26/2010	2,446.63	314.22	3,475.03
8/27/2010	2,467.55	317.04	3,507.44
8/30/2010	2,460.93	315.55	3,487.01
8/31/2010	2,457.46	316.47	3,490.79
9/1/2010	2,531.76	325.52	3,623.84
9/2/2010	2,537.76	326.57	3,631.43
9/3/2010	2,549.96	329.35	3,672.20
9/6/2010	2,560.24	330.53	3,684.73
9/7/2010	2,538.91	327.76	3,643.81
9/8/2010	2,556.00	331.43	3,677.21
9/9/2010	2,577.46	334.59	3,722.15
9/10/2010	2,569.72	334.96	3,725.82
9/13/2010	2,610.81	337.27	3,767.15
9/14/2010	2,608.85	336.73	3,774.40
9/15/2010	2,603.51	335.86	3,755.64
9/16/2010	2,585.29	334.67	3,736.30
9/17/2010	2,569.22	334.54	3,722.02
9/20/2010	2,601.85	339.81	3,788.01
9/21/2010	2,604.33	338.94	3,784.40
9/22/2010	2,575.16	334.35	3,735.05
9/23/2010	2,570.39	332.82	3,710.61
9/24/2010	2,601.61	337.85	3,782.48
9/27/2010	2,597.73	337.17	3,766.16
9/28/2010	2,603.50	338.17	3,762.35
9/29/2010	2,602.69	335.85	3,737.12
9/30/2010	2,589.73	334.39	3,715.18
10/1/2010	2,579.39	333.78	3,692.09
10/4/2010	2,558.82	330.4	3,649.81
10/5/2010	2,595.93	335.03	3,731.93
10/6/2010	2,613.44	336.97	3,764.91
10/7/2010	2,604.03	337.67	3,770.47
10/8/2010	2,622.78	336.53	3,763.18
10/11/2010	2,635.10	337.04	3,768.49
10/12/2010	2,620.82	335.09	3,748.86
10/13/2010	2,670.38	341.72	3,828.34
10/14/2010	2,662.91	341.33	3,819.17
10/15/2010	2,658.78	341.45	3,827.37
10/18/2010	2,672.38	341.72	3,834.50
10/19/2010	2,666.15	339.15	3,807.17
10/20/2010	2,669.27	339.71	3,828.15
10/21/2010	2,691.78	341.92	3,878.27
10/22/2010	2,691.53	341.07	3,868.54
10/25/2010	2,698.64	342.53	3,870.00
10/26/2010	2,692.74	340.76	3,852.66
10/27/2010	2,672.71	337.99	3,815.77
10/28/2010	2,677.40	338.1	3,834.84
10/29/2010	2,679.07	337.23	3,833.50
11/1/2010	2,688.39	339.35	3,841.11
11/2/2010	2,696.69	342.02	3,865.72
11/3/2010	2,663.84	339.05	3,842.94
11/4/2010	2,710.41	345.15	3,916.78
11/5/2010	2,686.09	346.9	3,916.73
11/8/2010	2,683.42	346.69	3,913.70
11/9/2010	2,702.84	347.74	3,945.71
11/10/2010	2,672.25	346.09	3,888.45
11/11/2010	2,631.64	344.83	3,867.35
11/12/2010	2,624.97	343.2	3,831.12
11/15/2010	2,654.43	345.53	3,864.24
11/16/2010	2,608.06	339.21	3,762.47
11/17/2010	2,624.86	341.5	3,792.35
11/18/2010	2,670.51	346.27	3,867.97
11/19/2010	2,665.01	344.58	3,860.16
11/22/2010	2,643.35	342.42	3,818.89
11/23/2010	2,584.25	334.82	3,724.42
11/24/2010	2,591.51	337.2	3,747.61
11/25/2010	2,601.42	338.77	3,760.42
11/26/2010	2,579.81	336.26	3,728.65
11/29/2010	2,521.33	329.67	3,636.96
11/30/2010	2,506.13	327.41	3,610.44
12/1/2010	2,565.84	335.8	3,669.29
12/2/2010	2,617.20	341.45	3,747.04
12/3/2010	2,614.99	342.19	3,750.55
12/6/2010	2,611.41	342.34	3,749.23
12/7/2010	2,624.67	346.21	3,810.50
12/8/2010	2,617.44	346.72	3,831.98
12/9/2010	2,624.40	349.38	3,858.05
12/10/2010	2,628.00	350.21	3,857.35
12/13/2010	2,636.87	351.3	3,892.44
12/14/2010	2,635.69	351.82	3,902.87
12/15/2010	2,623.03	350.79	3,880.19
12/16/2010	2,615.17	351.88	3,888.36
12/17/2010	2,596.59	352.05	3,867.35
12/20/2010	2,614.85	353.15	3,885.08
12/21/2010	2,631.01	356.14	3,927.49
12/22/2010	2,631.43	356.17	3,919.71
12/23/2010	2,635.89	356.21	3,911.32
12/24/2010	2,625.84	355.92	3,900.39
12/27/2010	2,597.19	355.57	3,862.19
12/28/2010	2,592.31	356.69	3,858.72
12/29/2010	2,611.45	358.32	3,890.65
12/30/2010	2,590.67	356.36	3,850.76
12/31/2010	2,578.60	354.57	3,804.78
1/3/2011	2,631.84	359.86	3,900.86
1/4/2011	2,647.86	358.86	3,916.03
1/5/2011	2,631.57	357.28	3,904.61
1/6/2011	2,625.44	356.89	3,904.42
1/7/2011	2,605.15	356.44	3,865.58
1/10/2011	2,555.19	354.21	3,802.03
1/11/2011	2,579.70	358.3	3,861.92
1/12/2011	2,626.40	362.41	3,945.07
1/13/2011	2,632.68	360.79	3,974.83
1/14/2011	2,621.31	361.32	3,983.28
1/17/2011	2,621.42	361.08	3,975.41
1/18/2011	2,657.85	363.73	4,012.68
1/19/2011	2,640.78	357.96	3,976.71
1/20/2011	2,626.24	356.14	3,964.84
1/21/2011	2,653.98	361.05	4,017.45
1/24/2011	2,662.37	360.99	4,033.21
1/25/2011	2,660.88	358.76	4,019.62
1/26/2011	2,669.54	362.05	4,049.07
1/27/2011	2,678.23	364.33	4,059.57
1/28/2011	2,647.09	361.16	4,002.32
1/31/2011	2,638.70	360.75	4,005.50
2/1/2011	2,683.73	367.11	4,072.62
2/2/2011	2,688.78	367.39	4,066.53
2/3/2011	2,684.90	364.89	4,036.59
2/4/2011	2,692.36	365.51	4,047.21
2/7/2011	2,724.47	369.85	4,090.80
2/8/2011	2,726.95	371.11	4,108.27
2/9/2011	2,719.94	369.18	4,090.74
2/10/2011	2,702.46	370.61	4,095.14
2/11/2011	2,713.66	369.65	4,101.31
2/14/2011	2,725.51	370.17	4,096.62
2/15/2011	2,730.78	370.51	4,110.34
2/16/2011	2,755.61	371.49	4,151.26
2/17/2011	2,770.81	372.99	4,152.31
2/18/2011	2,755.03	374.19	4,157.14
2/21/2011	2,715.66	370.92	4,097.41
2/22/2011	2,703.37	368.83	4,050.27
2/23/2011	2,679.26	365.24	4,013.12
2/24/2011	2,665.97	363.73	4,009.64
2/25/2011	2,692.41	366.77	4,070.38
2/28/2011	2,707.09	369.13	4,110.35
3/1/2011	2,712.67	367.95	4,067.15
3/2/2011	2,689.37	364.86	4,034.32
3/3/2011	2,692.02	367.6	4,060.76
3/4/2011	2,701.50	367.95	4,020.21
3/7/2011	2,680.17	366.08	3,990.41
3/8/2011	2,683.23	366.38	4,015.91
3/9/2011	2,675.65	366.25	3,993.81
3/10/2011	2,666.24	362.14	3,963.99
3/11/2011	2,652.11	359.07	3,928.68
3/14/2011	2,646.32	356.32	3,878.04
3/15/2011	2,565.48	348.09	3,780.85
3/16/2011	2,522.96	343.2	3,696.56
3/17/2011	2,557.71	349.26	3,786.21
3/18/2011	2,567.18	350.41	3,810.22
3/21/2011	2,627.42	356.7	3,904.45
3/22/2011	2,610.20	356.38	3,892.71
3/23/2011	2,630.60	359.74	3,913.73
3/24/2011	2,655.77	363.39	3,968.84
3/25/2011	2,656.77	364.65	3,972.38
3/28/2011	2,658.67	364.57	3,976.95
3/29/2011	2,669.31	365.91	3,987.80
3/30/2011	2,684.35	367.87	4,024.44
3/31/2011	2,662.17	365.62	3,989.18
4/1/2011	2,689.84	369.45	4,054.76
4/4/2011	2,707.42	369.01	4,042.92
4/5/2011	2,698.21	368.96	4,041.74
4/6/2011	2,711.69	369.64	4,048.16
4/7/2011	2,712.26	367.39	4,028.30
4/8/2011	2,722.23	366.94	4,061.91
4/11/2011	2,721.23	366.47	4,038.70
4/12/2011	2,694.84	360.77	3,976.60
4/13/2011	2,719.18	362.76	4,006.23
4/14/2011	2,695.00	359.48	3,970.39
4/15/2011	2,711.46	359	3,974.48
4/18/2011	2,675.30	352.68	3,881.24
4/19/2011	2,692.45	353.17	3,908.58
4/20/2011	2,725.31	359.87	4,004.62
4/21/2011	2,727.67	359.01	4,021.88
4/26/2011	2,748.22	359.55	4,045.29
4/27/2011	2,750.77	359.71	4,067.72
4/28/2011	2,766.56	359.49	4,104.90
4/29/2011	2,768.34	359.94	4,106.92
5/2/2011	2,768.25	361.56	4,108.77
5/3/2011	2,749.77	360.42	4,096.84
5/4/2011	2,701.27	355.91	4,043.13
5/5/2011	2,693.74	354.82	4,004.87
5/6/2011	2,702.27	359.12	4,058.01
5/9/2011	2,694.68	355.93	4,007.26
5/10/2011	2,732.67	361.05	4,052.51
5/11/2011	2,719.31	360.55	4,058.08
5/12/2011	2,722.04	357.52	4,023.29
5/13/2011	2,727.71	354.86	4,018.85
5/16/2011	2,727.77	352.3	3,989.82
5/17/2011	2,696.76	347.72	3,941.58
5/18/2011	2,700.82	349.1	3,978.00
5/19/2011	2,717.02	350.84	4,027.74
5/20/2011	2,718.01	348.24	3,990.85
5/23/2011	2,666.75	342.46	3,906.98
5/24/2011	2,675.52	343.2	3,916.88
5/25/2011	2,670.57	344.91	3,928.99
5/26/2011	2,655.43	344.47	3,917.22
5/27/2011	2,655.64	346.06	3,950.98
5/30/2011	2,650.24	346.2	3,942.53
5/31/2011	2,687.71	349.44	4,006.94
6/1/2011	2,662.96	345.95	3,964.81
6/2/2011	2,618.83	340.64	3,889.87
6/3/2011	2,628.71	340.24	3,890.68
6/6/2011	2,617.14	339.18	3,863.40
6/7/2011	2,622.32	338.93	3,871.92
6/8/2011	2,598.80	335.65	3,837.98
6/9/2011	2,615.74	338.04	3,878.65
6/10/2011	2,574.08	333.83	3,805.09
6/13/2011	2,570.69	334.03	3,807.61
6/14/2011	2,590.15	337.52	3,864.58
6/15/2011	2,562.63	334.04	3,806.85
6/16/2011	2,546.67	332.35	3,792.31
6/17/2011	2,565.70	333.11	3,823.74
6/20/2011	2,544.94	331.64	3,799.66
6/21/2011	2,580.87	336.14	3,877.07
6/22/2011	2,558.12	334.17	3,871.37
6/23/2011	2,513.47	328.57	3,787.79
6/24/2011	2,514.30	328.74	3,784.80
6/27/2011	2,505.49	328.51	3,796.55
6/28/2011	2,493.46	329.9	3,851.89
6/29/2011	2,547.93	335.28	3,924.23
6/30/2011	2,572.58	339.65	3,982.21
7/1/2011	2,583.36	342.82	4,007.35
7/4/2011	2,599.87	343.5	4,003.11
7/5/2011	2,571.92	343.1	3,978.83
7/6/2011	2,549.11	341.62	3,961.34
7/7/2011	2,572.95	345.16	3,979.96
7/8/2011	2,532.31	342.48	3,913.55
7/11/2011	2,466.25	336.16	3,807.51
7/12/2011	2,436.48	332.12	3,774.12
7/13/2011	2,463.69	332.98	3,793.27
7/14/2011	2,439.50	330.46	3,751.23
7/15/2011	2,437.04	329.49	3,726.59
7/18/2011	2,384.12	323.17	3,650.71
7/19/2011	2,402.71	326.17	3,694.95
7/20/2011	2,455.29	330.65	3,754.60
7/21/2011	2,504.77	336.86	3,816.75
7/22/2011	2,522.05	338.6	3,842.70
7/25/2011	2,505.37	337.27	3,812.97
7/26/2011	2,496.66	336.74	3,787.88
7/27/2011	2,460.88	333.1	3,734.07
7/28/2011	2,455.96	332.56	3,712.66
7/29/2011	2,426.96	329.17	3,671.28
8/1/2011	2,376.56	324.59	3,588.05
8/2/2011	2,330.38	320	3,522.79
8/3/2011	2,291.11	310.69	3,454.94
8/4/2011	2,223.67	300.85	3,320.35
8/5/2011	2,177.91	296.35	3,278.56
8/8/2011	2,096.04	283.36	3,125.19
8/9/2011	2,154.72	287.05	3,176.19
8/10/2011	2,091.74	277.27	3,002.99
8/11/2011	2,144.98	282.79	3,089.66
8/12/2011	2,262.95	291.9	3,213.88
8/15/2011	2,276.41	293.7	3,239.06
8/16/2011	2,246.92	291.51	3,230.90
8/17/2011	2,254.71	292.65	3,254.34
8/18/2011	2,151.96	279.58	3,076.04
8/19/2011	2,118.71	274.15	3,016.99
8/22/2011	2,140.05	276.37	3,051.36
8/23/2011	2,138.51	278.32	3,084.37
8/24/2011	2,200.36	281.58	3,139.55
8/25/2011	2,181.30	278.49	3,119.00
8/26/2011	2,170.95	276.6	3,087.64
8/29/2011	2,202.59	281.26	3,154.20
8/30/2011	2,212.61	283.64	3,159.74
8/31/2011	2,267.88	292.93	3,256.76
9/1/2011	2,266.82	293.96	3,265.83
9/2/2011	2,219.71	286.43	3,148.53
9/5/2011	2,117.46	274.45	2,999.54
9/6/2011	2,109.89	273.33	2,965.64
9/7/2011	2,168.90	281.05	3,073.18
9/8/2011	2,188.79	283.39	3,085.83
9/9/2011	2,117.82	276.1	2,974.59
9/12/2011	2,053.01	268.48	2,854.81
9/13/2011	2,070.07	270.05	2,894.93
9/14/2011	2,096.75	273.56	2,949.14
9/15/2011	2,139.16	278.52	3,045.62
9/16/2011	2,156.39	281.73	3,031.08
9/19/2011	2,100.88	274.63	2,940.00
9/20/2011	2,132.73	279.54	2,984.05
9/21/2011	2,115.87	275.68	2,935.82
9/22/2011	2,002.79	263.44	2,781.68
9/23/2011	2,021.37	264.72	2,810.11
9/26/2011	2,061.91	269.83	2,859.34
9/27/2011	2,153.51	282.04	3,023.38
9/28/2011	2,139.60	278.31	2,995.62
9/29/2011	2,163.13	283.98	3,027.65
9/30/2011	2,131.28	280.18	2,981.96
10/3/2011	2,096.74	275.64	2,926.83
10/4/2011	2,038.84	270.06	2,850.55
10/5/2011	2,109.90	278.09	2,973.90
10/6/2011	2,155.38	285.81	3,075.37
10/7/2011	2,146.42	288.31	3,095.56
10/10/2011	2,179.74	293.34	3,161.47
10/11/2011	2,164.81	292.88	3,153.52
10/12/2011	2,192.33	300.14	3,229.76
10/13/2011	2,180.23	297.39	3,186.94
10/14/2011	2,203.04	302.41	3,217.89
10/17/2011	2,169.78	299.24	3,166.06
10/18/2011	2,137.05	298.68	3,141.10
10/19/2011	2,134.22	301.68	3,157.34
10/20/2011	2,096.69	299.01	3,084.07
10/21/2011	2,138.82	305.7	3,171.34
10/24/2011	2,161.64	308.32	3,220.46
10/25/2011	2,133.69	304.98	3,174.29
10/26/2011	2,132.69	303.84	3,169.62
10/27/2011	2,220.50	315.45	3,368.62
10/28/2011	2,199.35	313.01	3,348.63
10/31/2011	2,139.18	307.5	3,242.84
11/1/2011	2,059.30	296.19	3,068.33
11/2/2011	2,070.70	298.21	3,110.59
11/3/2011	2,121.89	304.5	3,195.47
11/4/2011	2,082.01	301.97	3,123.55
11/7/2011	2,080.86	299.75	3,103.60
11/8/2011	2,102.40	303.98	3,143.30
11/9/2011	2,077.15	294.4	3,075.16
11/10/2011	2,063.91	294.32	3,064.84
11/11/2011	2,122.38	300.98	3,149.38
11/14/2011	2,089.04	296.9	3,108.95
11/15/2011	2,067.88	292.93	3,049.13
11/16/2011	2,062.48	294.47	3,064.90
11/17/2011	2,040.01	290.21	3,010.29
11/18/2011	2,016.76	288.01	2,997.01
11/21/2011	1,953.98	278.84	2,894.94
11/22/2011	1,946.26	276.91	2,870.68
11/23/2011	1,923.32	272.79	2,822.43
11/24/2011	1,916.26	271.61	2,822.25
11/25/2011	1,920.91	274.37	2,856.97
11/28/2011	2,008.90	285.07	3,012.93
11/29/2011	2,007.23	287.55	3,026.76
11/30/2011	2,073.95	299.68	3,154.62
12/1/2011	2,052.58	296.97	3,129.95
12/2/2011	2,077.15	300.77	3,164.95
12/5/2011	2,117.39	305.1	3,201.28
12/6/2011	2,086.05	304.8	3,179.63
12/7/2011	2,084.68	304.31	3,175.98
12/8/2011	2,044.20	299.79	3,095.49
12/9/2011	2,078.46	304.58	3,172.35
12/12/2011	2,030.47	297.39	3,089.59
12/13/2011	2,032.20	298.56	3,078.72
12/14/2011	1,986.88	292.15	2,976.17
12/15/2011	2,001.53	294.62	2,998.73
12/16/2011	2,003.57	294.03	2,972.30
12/19/2011	2,000.00	293.9	2,974.20
12/20/2011	2,050.12	301.79	3,055.39
12/21/2011	2,026.32	300.8	3,030.47
12/22/2011	2,040.29	305.18	3,071.80
12/23/2011	2,054.45	307.79	3,102.09
12/27/2011	2,054.23	309.37	3,103.11
12/28/2011	2,043.59	306.76	3,071.08
12/29/2011	2,067.09	310.76	3,127.56
12/30/2011	2,083.42	312.47	3,159.81
1/2/2012	2,114.32	316.82	3,222.30
1/3/2012	2,146.45	318.04	3,245.40
1/4/2012	2,121.11	314.53	3,193.65
1/5/2012	2,096.90	311.92	3,144.91
1/6/2012	2,093.27	311.11	3,137.36
1/9/2012	2,082.25	311.76	3,127.69
1/10/2012	2,127.52	315.5	3,210.79
1/11/2012	2,140.32	311.65	3,204.83
1/12/2012	2,137.42	310.3	3,199.98
1/13/2012	2,125.34	309.28	3,196.49
